.060
.064
.064
.065
.066
.068
.069
.069
.069
.069
.069
.069
.069
.070
.070
.070
.070
.070
.070
.070
.070
.070
.070
.070
.070
.070
.070
.070
.070
.070
.070
.070
.070
.070
.070
.070
.070
.070
.070
.071
.071
.071
.071
.071
.071
.071
.071
.071
.071
.071
.071
.071
.071
.071
.071
.071
.071
.071
.071
.072
.072
.072
.072
.072
.072
.072
.072
.072
.072
.072
.072
.072
.072
.072
.072
.072
.072
.072
.072
.072
.072
.072
.072
.072
.072
.072
.072
.072
.072
.072
.072
.073
.073
.073
.073
.073
.073
.073
.073
.073
.073
.073
.074
.074
.074
.074
.074
.074
.074
.074
.074
.074
.075
.075
.075
.075
.075
.075
.075
.075
.075
.075
.075
.075
.075
.075
.075
.075
.075
.075
.075
.075
.076
.076
.076
.076
.076
.076
.076
.076
.076
.076
.076
.076
.076
.076
.076
.076
.076
.076
.077
.077
.077
.077
.077
.077
.077
.077
.077
.077
.077
.078
.078
.078
.078
.078
.078
.078
.078
.078
.078
.078
.078
.078
.078
.078
.078
.078
.078
.078
.078
.078
.078
.078
.079
.079
.079
.079
.079
.079
.079
.079
.079
.079
.079
.079
.079
.079
.079
.079
.079
.079
.079
.079
.079
.079
.079
.079
.079
.079
.079
.079
.079
.079
.079
.079
.079
.079
.079
.079
.079
.079
.079
.079
.079
.079
.080
.080
.080
.080
.080
.080
.080
.080
.080
.080
.080
.080
.080
.080
.080
.080
.080
.080
.080
.080
.080
.080
.080
.080
.080
.080
.080
.080
.080
.080
.080
.080
.080
.080
.080
.080
.080
.081
.081
.081
.081
.081
.081
.081
.081
.081
.081
.081
.081
.081
.081
.081
.082
.082
.082
.082
.082
.082
.082
.082
.082
.082
.082
.082
.082
.082
.082
.082
.082
.082
.083
.083
.083
.083
.083
.083
.083
.084
.084
.084   
.085
.085
.086
.086
.087
.088
.088
.089
.089
.089
.089
.089
.089
.089
.089
.089
.089
.090
.090
.090
.090
.090
.090
.090
.090
.090
.091
.091
.091
.092
.092
.092
.092
.092
.093
.093
.093
.093
.093
.093
.094
.094
.094
.095
.095
.096
.096
.096
.097
.097
.097
.097
.097
.097
.097
.098
.098
.098
.098
.098
.099
.099
.099
.099
.099
.100
.100
.100
.100
.100
.100
.100
.100
.100
.100
.100
.100
.100
.100
.100
.101
.101
.101
.101
.101
.101
.101
.101
.101
.102
.102
.102
.102
.102
.102
.102
.102
.103
.103
.103
.103
.103
.103
.103
.104
.104
.105
.105
.105
.105
.105
.106
.106
.106
.106
.107
.107
.107
.108
.108
.108
.108
.108
.108
.108
.109
.109
.109
.109
.109
.109
.109
.110
.110
.110
.110
.110
.110
.110
.110
.110
.110
.110
.111
.111
.111
.111
.112
.112
.112
.112
.112
.114
.114
.114
.115
.115
.115
.117
.119
.119
.119
.119
.120
.120
.120
.121
.122
.122
.123
.123
.125
.125
.128
.129
.129
.129
.130
.131